2.739306799999999953e+01 0.000000000000000000e+00
2.717302000000000106e+01 0.000000000000000000e+00
2.695635700000000057e+01 0.000000000000000000e+00
2.674299999999999855e+01 0.000000000000000000e+00
2.653287600000000168e+01 0.000000000000000000e+00
2.632591000000000037e+01 0.000000000000000000e+00
2.612203299999999828e+01 0.000000000000000000e+00
2.592117599999999911e+01 0.000000000000000000e+00
2.572327100000000044e+01 0.000000000000000000e+00
2.552825500000000147e+01 0.000000000000000000e+00
2.533606500000000139e+01 -9.999999999999999547e-07
2.514664000000000144e+01 -9.999999999999999547e-07
2.495992000000000033e+01 -1.999999999999999909e-06
2.477584799999999987e+01 -3.000000000000000076e-06
2.459436699999999831e+01 -5.000000000000000409e-06
2.441542499999999905e+01 -6.999999999999999895e-06
2.423896699999999882e+01 -1.200000000000000030e-05
2.406494299999999953e+01 -1.900000000000000105e-05
2.389330199999999849e+01 -2.900000000000000017e-05
2.372399599999999964e+01 -4.399999999999999886e-05
2.355697699999999983e+01 -6.799999999999999946e-05
2.339219999999999899e+01 -1.029999999999999964e-04
2.322961899999999957e+01 -1.540000000000000028e-04
2.306919100000000000e+01 -2.300000000000000070e-04
2.291087399999999974e+01 -3.400000000000000244e-04
2.275462500000000077e+01 -4.989999999999999861e-04
2.260040599999999955e+01 -7.269999999999999987e-04
2.244817600000000013e+01 -1.049000000000000019e-03
2.229789699999999897e+01 -1.502000000000000080e-03
2.214953200000000066e+01 -2.132999999999999913e-03
2.200304500000000019e+01 -3.004999999999999859e-03
2.185839999999999961e+01 -4.196000000000000077e-03
2.171556299999999951e+01 -5.811000000000000193e-03
2.157450000000000045e+01 -7.978999999999999981e-03
2.143517800000000051e+01 -1.085900000000000060e-02
2.129756599999999978e+01 -1.464700000000000030e-02
2.116163099999999986e+01 -1.957599999999999965e-02
2.102734299999999834e+01 -2.591699999999999907e-02
2.089467300000000094e+01 -3.397599999999999926e-02
2.076359199999999916e+01 -4.408600000000000019e-02
2.063407099999999872e+01 -5.659499999999999947e-02
2.050608199999999925e+01 -7.184200000000000308e-02
2.037959899999999891e+01 -9.012399999999999578e-02
2.025459499999999835e+01 -1.116609999999999964e-01
2.013104500000000030e+01 -1.365439999999999987e-01
2.000892199999999832e+01 -1.646930000000000061e-01
1.988820300000000074e+01 -1.958110000000000128e-01
1.976886299999999963e+01 -2.293640000000000123e-01
1.965087899999999976e+01 -2.645799999999999819e-01
1.953422799999999881e+01 -3.004870000000000041e-01
1.941888700000000156e+01 -3.359869999999999801e-01
1.930483500000000063e+01 -3.699629999999999863e-01
1.919204999999999828e+01 -4.013909999999999978e-01
1.908051100000000133e+01 -4.294620000000000104e-01
1.897019699999999887e+01 -4.536529999999999729e-01
1.886108899999999977e+01 -4.737669999999999937e-01
1.875316700000000125e+01 -4.899089999999999834e-01
1.864641100000000051e+01 -5.024290000000000145e-01
1.854080300000000037e+01 -5.118310000000000359e-01
1.843632399999999905e+01 -5.186859999999999804e-01
1.833295700000000039e+01 -5.235530000000000461e-01
1.823068299999999908e+01 -5.269329999999999847e-01
1.812948499999999896e+01 -5.292379999999999862e-01
1.802934700000000134e+01 -5.307899999999999840e-01
1.793025199999999941e+01 -5.318249999999999922e-01
1.783218400000000159e+01 -5.325119999999999854e-01
1.773512600000000106e+01 -5.329679999999999973e-01
1.763906400000000119e+01 -5.332700000000000218e-01
1.754398199999999974e+01 -5.334689999999999710e-01
1.744986499999999907e+01 -5.335990000000000455e-01
1.735669899999999899e+01 -5.336790000000000145e-01
1.726446899999999829e+01 -5.337229999999999475e-01
1.717315999999999931e+01 -5.337370000000000170e-01
1.708276100000000142e+01 -5.337229999999999475e-01
1.699325599999999881e+01 -5.336790000000000145e-01
1.690463300000000046e+01 -5.335990000000000455e-01
1.681687900000000013e+01 -5.334689999999999710e-01
1.672998000000000118e+01 -5.332700000000000218e-01
1.664392499999999941e+01 -5.329679999999999973e-01
1.655870200000000025e+01 -5.325119999999999854e-01
1.647429800000000100e+01 -5.318249999999999922e-01
1.639070099999999996e+01 -5.307899999999999840e-01
1.630790100000000109e+01 -5.292379999999999862e-01
1.622588500000000167e+01 -5.269329999999999847e-01
1.614464299999999852e+01 -5.235530000000000461e-01
1.606416300000000064e+01 -5.186859999999999804e-01
1.598443600000000053e+01 -5.118310000000000359e-01
1.590545000000000009e+01 -5.024290000000000145e-01
1.582719499999999968e+01 -4.899089999999999834e-01
1.574966200000000072e+01 -4.737669999999999937e-01
1.567283899999999974e+01 -4.536529999999999729e-01
1.559671900000000022e+01 -4.294620000000000104e-01
1.552129000000000048e+01 -4.013909999999999978e-01
1.544654300000000013e+01 -3.699629999999999863e-01
1.537246999999999986e+01 -3.359869999999999801e-01
1.529906100000000002e+01 -3.004870000000000041e-01
1.522630799999999951e+01 -2.645799999999999819e-01
1.515420100000000048e+01 -2.293640000000000123e-01
1.508273200000000003e+01 -1.958110000000000128e-01
1.501189300000000060e+01 -1.646930000000000061e-01
1.494167500000000004e+01 -1.365439999999999987e-01
1.487207000000000079e+01 -1.116609999999999964e-01
1.480306999999999995e+01 -9.012399999999999578e-02
1.473466799999999921e+01 -7.184200000000000308e-02
1.466685499999999998e+01 -5.659499999999999947e-02
1.459962499999999963e+01 -4.408600000000000019e-02
1.453296800000000033e+01 -3.397599999999999926e-02
1.446687900000000049e+01 -2.591699999999999907e-02
1.440135000000000076e+01 -1.957599999999999965e-02
1.433637399999999928e+01 -1.464700000000000030e-02
1.427194399999999952e+01 -1.085900000000000060e-02
1.420805299999999960e+01 -7.978999999999999981e-03
1.414469500000000046e+01 -5.811000000000000193e-03
1.408186199999999921e+01 -4.196000000000000077e-03
1.401954800000000034e+01 -3.004999999999999859e-03
1.395774699999999946e+01 -2.132999999999999913e-03
1.389645299999999928e+01 -1.502000000000000080e-03
1.383565899999999971e+01 -1.049000000000000019e-03
1.377535899999999991e+01 -7.269999999999999987e-04
1.371554700000000082e+01 -4.989999999999999861e-04
1.365621800000000086e+01 -3.400000000000000244e-04
1.359736499999999992e+01 -2.300000000000000070e-04
1.353898299999999999e+01 -1.540000000000000028e-04
1.348106600000000022e+01 -1.029999999999999964e-04
1.342360799999999976e+01 -6.799999999999999946e-05
1.336660499999999985e+01 -4.399999999999999886e-05
1.331005000000000038e+01 0.000000000000000000e+00
1.325393900000000080e+01 0.000000000000000000e+00
